C:\Users\BACHI\Anaconda3\python.exe C:/Users/BACHI/PycharmProjects/OPT_PROJET/BPP_Solver/Méta_Heuristiques/Recuit_sim_test.py
__________CLASSE 01 ________________
100
[28, 28, 28, 28, 28, 28, 28, 28, 28, 30, 28]
N1C1W1_D.txt
	Solution 28
	BFD 28	 0.0
	RS 28	 5.410109758377075
100
[29, 28, 28, 28, 28, 28, 28, 28, 28, 28, 28]
N1C1W1_F.txt
	Solution 27
	BFD 27	 0.0
	RS 28	 6.370239019393921
100
[32, 34, 32, 32, 32, 32, 32, 32, 33, 33, 32]
N1C1W2_D.txt
	Solution 31
	BFD 31	 0.01014852523803711
	RS 32	 4.13968300819397
62
[35, 35, 35, 35, 35, 35, 35, 35, 35, 35, 35]
N1C1W2_K.txt
	Solution 35
	BFD 35	 0.0
	RS 35	 4.089914321899414
20
[39, 38, 38, 38, 39, 38, 38, 38, 38, 38, 38]
N1C1W4_D.txt
	Solution 38
	BFD 38	 0.0
	RS 38	 3.3996739387512207
68
[27, 27, 27, 27, 26, 27, 27, 27, 26, 27, 27]
N1C2W1_B.txt
	Solution 26
	BFD 26	 0.0
	RS 26	 3.649815082550049
100
[23, 24, 24, 24, 24, 23, 24, 23, 24, 24, 24]
N1C2W1_F.txt
	Solution 22
	BFD 22	 0.0
	RS 23	 4.364718675613403
33
[33, 34, 33, 34, 34, 33, 33, 34, 33, 33, 34]
N1C2W2_E.txt
	Solution 33
	BFD 33	 0.0
	RS 33	 2.590263605117798
100
[31, 30, 30, 30, 30, 31, 30, 30, 30, 30, 30]
N1C2W2_L.txt
	Solution 30
	BFD 30	 0.0
	RS 30	 3.1297764778137207
100
[31, 31, 31, 31, 32, 31, 31, 31, 30, 31, 31]
N1C2W4_C.txt
	Solution 30
	BFD 30	 0.0
	RS 30	 3.919347047805786
52
[17, 17, 17, 17, 18, 17, 17, 17, 18, 18, 18]
N1C3W1_A.txt
	Solution 16
	BFD 17	 0.0
	RS 17	 4.664586782455444
100
[17, 17, 17, 18, 17, 17, 17, 17, 17, 17, 17]
N1C3W1_B.txt
	Solution 16
	BFD 16	 0.0
	RS 17	 6.209904909133911
100
[19, 19, 18, 18, 18, 18, 19, 18, 18, 18, 19]
N1C3W1_C.txt
	Solution 17
	BFD 18	 0.0
	RS 18	 5.834785223007202
100
[24, 24, 23, 24, 25, 24, 24, 25, 25, 24, 24]
N1C3W2_G.txt
	Solution 23
	BFD 23	 0.0
	RS 23	 4.84036922454834
100
[24, 24, 23, 24, 24, 24, 24, 24, 23, 25, 24]
N1C3W2_H.txt
	Solution 23
	BFD 23	 0.0
	RS 23	 4.900015592575073
75
[68, 68, 69, 68, 68, 69, 68, 69, 68, 69, 68]
N2C1W2_C.txt
	Solution 68
	BFD 68	 0.0
	RS 68	 19.779860258102417
100
[74, 74, 74, 74, 74, 74, 74, 75, 74, 74, 76]
N2C1W2_D.txt
	Solution 74
	BFD 74	 0.0
	RS 74	 26.779878854751587
100
[82, 82, 82, 82, 82, 82, 82, 82, 82, 82, 82]
N2C1W4_D.txt
	Solution 82
	BFD 82	 0.0
	RS 82	 22.019657850265503
16
[75, 74, 73, 73, 74, 75, 75, 74, 74, 74, 74]
N2C1W4_I.txt
	Solution 73
	BFD 73	 0.0
	RS 73	 9.430061101913452
100
[52, 52, 53, 52, 53, 51, 51, 52, 51, 52, 51]
N2C2W1_B.txt
	Solution 50
	BFD 50	 0.0
	RS 51	 19.82957363128662
23
[52, 52, 52, 52, 53, 51, 53, 52, 51, 51, 53]
N2C2W1_F.txt
	Solution 49
	BFD 49	 0.010030746459960938
	RS 51	 9.820074796676636
55
[58, 58, 58, 57, 58, 58, 58, 60, 59, 58, 59]
N2C2W2_J.txt
	Solution 56
	BFD 56	 0.0035414695739746094
	RS 57	 10.930211782455444
95
[58, 59, 57, 57, 59, 58, 59, 58, 58, 58, 58]
N2C2W2_T.txt
	Solution 56
	BFD 56	 0.0
	RS 57	 13.750264883041382
100
[62, 62, 60, 60, 62, 62, 61, 61, 62, 61, 61]
N2C2W4_B.txt
	Solution 60
	BFD 60	 0.0
	RS 60	 20.79983878135681
100
[63, 63, 64, 62, 62, 63, 63, 64, 62, 63, 63]
N2C2W4_G.txt
	Solution 61
	BFD 61	 0.0
	RS 62	 17.275010585784912
100
[37, 38, 38, 38, 38, 37, 38, 36, 37, 37, 38]
N2C3W1_A.txt
	Solution 35
	BFD 35	 0.0
	RS 36	 8.840224266052246
100
[37, 36, 38, 37, 37, 38, 37, 36, 37, 36, 36]
N2C3W1_B.txt
	Solution 35
	BFD 35	 0.0
	RS 36	 9.475104570388794
60
[113, 112, 114, 113, 114, 115, 112, 114, 112, 114, 112]
N3C1W1_D.txt
	Solution 108
	BFD 108	 0.0
	RS 112	 67.23015809059143
31
[114, 115, 115, 113, 115, 115, 115, 115, 115, 115, 116]
N3C1W1_G.txt
	Solution 111
	BFD 111	 0.0
	RS 113	 56.09003949165344
8
[129, 127, 128, 130, 128, 128, 128, 130, 129, 129, 128]
N3C1W2_B.txt
	Solution 126
	BFD 126	 0.0
	RS 127	 51.76999020576477
28
[135, 135, 135, 135, 137, 137, 136, 137, 135, 136, 138]
N3C1W2_E.txt
	Solution 132
	BFD 132	 0.0
	RS 135	 58.02983856201172
77
[151, 152, 150, 150, 151, 149, 150, 150, 149, 149, 149]
N3C1W4_B.txt
	Solution 149
	BFD 149	 0.0
	RS 149	 201.79991173744202
100
[95, 96, 94, 97, 96, 94, 93, 94, 94, 96, 95]
N3C2W1_G.txt
	Solution 87
	BFD 88	 0.0
	RS 93	 42.23000955581665
11
[113, 114, 114, 115, 113, 115, 114, 116, 114, 113, 113]
N3C2W2_A.txt
	Solution 107
	BFD 107	 0.0072591304779052734
	RS 113	 23.742482900619507
39
[112, 113, 112, 111, 113, 112, 112, 115, 113, 112, 114]
N3C2W2_O.txt
	Solution 107
	BFD 107	 0.0
	RS 111	 44.18024134635925
9
[135, 135, 135, 135, 135, 135, 134, 135, 137, 135, 134]
N3C2W4_C.txt
	Solution 132
	BFD 132	 0.0
	RS 134	 37.71996521949768
4
[73, 73, 73, 74, 74, 73, 73, 74, 74, 74, 74]
N3C3W1_B.txt
	Solution 71
	BFD 71	 0.0
	RS 73	 35.9101357460022
100
[65, 66, 65, 65, 65, 65, 65, 65, 65, 66, 65]
N3C3W1_D.txt
	Solution 63
	BFD 63	 0.009734869003295898
	RS 65	 129.63968324661255
14
[267, 268, 265, 267, 267, 267, 264, 268, 267, 267, 264]
N4C1W1_K.txt
	Solution 253
	BFD 253	 0.01040792465209961
	RS 264	 192.34928846359253
50
[327, 325, 327, 325, 324, 326, 325, 323, 325, 325, 323]
N4C1W2_H.txt
	Solution 315
	BFD 315	 0.0
	RS 323	 379.2695062160492
30
[375, 377, 375, 374, 377, 376, 374, 375, 375, 378, 376]
N4C1W4_A.txt
	Solution 368
	BFD 368	 0.009839296340942383
	RS 374	 404.3594512939453
24
[375, 375, 374, 376, 376, 373, 374, 374, 376, 376, 374]
N4C1W4_R.txt
	Solution 370
	BFD 370	 0.007548809051513672
	RS 373	 450.4496500492096
46
[270, 271, 265, 268, 268, 269, 268, 270, 266, 270, 270]
N4C2W2_A.txt
	Solution 253
	BFD 253	 0.02026653289794922
	RS 265	 335.96941018104553
5
[282, 283, 284, 281, 283, 282, 282, 283, 282, 280, 284]
N4C2W2_S.txt
	Solution 273
	BFD 273	 0.010007143020629883
	RS 280	 275.21972465515137
6
[308, 306, 305, 307, 306, 305, 306, 307, 308, 307, 310]
N4C2W4_D.txt
	Solution 295
	BFD 295	 0.010133743286132812
	RS 305	 283.67945623397827
6
[312, 315, 315, 315, 314, 314, 315, 315, 316, 314, 315]
N4C2W4_F.txt
	Solution 304
	BFD 304	 0.0
	RS 312	 375.52969002723694
8
[169, 170, 170, 171, 170, 171, 169, 170, 171, 170, 170]
N4C3W1_C.txt
	Solution 166
	BFD 166	 0.0
	RS 169	 290.24996066093445
4
[161, 163, 162, 161, 161, 161, 161, 162, 161, 163, 162]
N4C3W1_D.txt
	Solution 158
	BFD 158	 0.015889406204223633
	RS 161	 342.4537947177887
35
[172, 173, 172, 171, 171, 172, 172, 172, 172, 173, 173]
N4C3W1_I.txt
	Solution 167
	BFD 168	 0.006390810012817383
	RS 171	 415.09909749031067
21
[175, 175, 175, 174, 173, 174, 174, 173, 174, 174, 175]
N4C3W1_J.txt
	Solution 169
	BFD 169	 0.0113677978515625
	RS 173	 382.5686559677124
ratio Classe1 N1 : 1.0625
ratio Classe1 N2 : 1.0
ratio Classe1 N3 : 1.0114942528735633
ratio Classe1 N4 : 1.0059880239520957
__________CLASSE 02 ________________
100
[8, 8, 8, 8, 8, 8, 8, 8, 8, 8, 8]
N1W3B3R3.txt
	Solution 8
	BFD 8	 0.0
	RS 8	 0.8296806812286377
100
[6, 6, 6, 6, 6, 6, 6, 6, 6, 6, 6]
N1W4B2R1.txt
	Solution 6
	BFD 6	 0.0
	RS 6	 0.8154003620147705
100
[6, 6, 6, 6, 6, 6, 6, 6, 6, 6, 6]
N1W4B2R2.txt
	Solution 6
	BFD 6	 0.0
	RS 6	 1.0400097370147705
100
[6, 6, 6, 6, 6, 6, 6, 6, 6, 6, 6]
N1W4B3R0.txt
	Solution 6
	BFD 6	 0.0
	RS 6	 1.4950575828552246
100
[6, 6, 6, 6, 6, 6, 6, 6, 6, 6, 6]
N1W4B3R3.txt
	Solution 6
	BFD 6	 0.0
	RS 6	 0.9101536273956299
100
[21, 21, 21, 21, 21, 21, 21, 21, 21, 21, 21]
N2W2B3R4.txt
	Solution 21
	BFD 21	 0.0
	RS 21	 5.463027238845825
100
[15, 15, 15, 15, 15, 15, 15, 15, 15, 15, 15]
N2W3B1R7.txt
	Solution 14
	BFD 15	 0.0
	RS 15	 4.500123977661133
100
[15, 15, 15, 15, 15, 15, 15, 15, 15, 15, 15]
N2W3B3R4.txt
	Solution 15
	BFD 15	 0.0
	RS 15	 4.430332660675049
100
[15, 15, 15, 15, 15, 15, 15, 15, 15, 15, 15]
N2W3B3R8.txt
	Solution 15
	BFD 15	 0.0
	RS 15	 6.242541790008545
100
[14, 14, 14, 14, 14, 14, 14, 14, 14, 14, 14]
N2W3B3R9.txt
	Solution 14
	BFD 14	 0.0
	RS 14	 5.421794891357422
100
[30, 30, 30, 30, 30, 30, 30, 30, 30, 30, 30]
N3W3B3R8.txt
	Solution 29
	BFD 29	 0.0
	RS 30	 13.775211572647095
100
[30, 30, 30, 30, 30, 30, 30, 30, 30, 30, 30]
N3W3B3R9.txt
	Solution 29
	BFD 29	 0.0
	RS 30	 21.985108613967896
100
[23, 23, 23, 23, 23, 23, 23, 23, 23, 23, 23]
N3W4B3R6.txt
	Solution 23
	BFD 23	 0.0
	RS 23	 18.225136756896973
100
[21, 21, 21, 21, 21, 21, 21, 21, 21, 21, 21]
N3W4B3R7.txt
	Solution 21
	BFD 21	 5.745887756347656e-05
	RS 21	 25.38985848426819
100
[23, 23, 23, 23, 23, 23, 23, 23, 23, 23, 23]
N3W4B3R8.txt
	Solution 23
	BFD 23	 0.0
	RS 23	 13.251173973083496
9
[71, 71, 71, 71, 72, 71, 71, 72, 72, 71, 71]
N4W3B3R9.txt
	Solution 71
	BFD 71	 0.0
	RS 71	 111.2698175907135
100
[55, 55, 55, 55, 55, 54, 55, 55, 54, 54, 54]
N4W4B3R1.txt
	Solution 54
	BFD 54	 0.0
	RS 54	 692.0894629955292
100
[57, 57, 57, 57, 57, 57, 57, 57, 57, 57, 57]
N4W4B3R2.txt
	Solution 57
	BFD 57	 0.010140180587768555
	RS 57	 215.4401605129242
100
[56, 56, 56, 56, 56, 56, 56, 56, 56, 56, 56]
N4W4B3R3.txt
	Solution 56
	BFD 56	 0.0050508975982666016
	RS 56	 213.45997714996338
100
[55, 55, 55, 55, 55, 55, 55, 55, 55, 55, 55]
N4W4B3R4.txt
	Solution 55
	BFD 55	 0.0
	RS 55	 194.06989669799805
__________CLASSE 03 ________________
100
[60, 61, 61, 61, 60, 60, 61, 60, 62, 61, 60]
HARD0.txt
	Solution 56
	BFD 59	 0.010173797607421875
	RS 60	 17.139827013015747
100
[62, 62, 61, 61, 62, 62, 62, 62, 62, 62, 62]
HARD1.txt
	Solution 57
	BFD 60	 0.0
	RS 61	 73.78005075454712
100
[62, 62, 61, 62, 62, 62, 62, 62, 61, 62, 62]
HARD2.txt
	Solution 56
	BFD 60	 0.0
	RS 61	 14.87985897064209
100
[60, 60, 61, 60, 59, 60, 61, 60, 62, 61, 61]
HARD3.txt
	Solution 55
	BFD 59	 0.0
	RS 59	 19.960192441940308
100
[62, 63, 61, 62, 62, 62, 62, 61, 62, 62, 62]
HARD4.txt
	Solution 57
	BFD 60	 0.0
	RS 61	 65.9201717376709
100
[60, 60, 61, 62, 61, 61, 61, 60, 61, 62, 61]
HARD5.txt
	Solution 56
	BFD 59	 0.0099945068359375
	RS 60	 115.70984268188477
100
[62, 62, 62, 63, 63, 62, 62, 60, 62, 62, 62]
HARD6.txt
	Solution 57
	BFD 60	 0.0
	RS 60	 100.19478964805603
100
[61, 60, 60, 59, 60, 60, 60, 59, 60, 61, 59]
HARD7.txt
	Solution 55
	BFD 59	 0.0
	RS 59	 60.969757080078125
100
[62, 62, 62, 62, 63, 62, 62, 62, 61, 61, 62]
HARD8.txt
	Solution 57
	BFD 60	 0.0
	RS 61	 61.8501033782959
100
[60, 61, 61, 62, 62, 61, 61, 61, 61, 60, 61]
HARD9.txt
	Solution 56
	BFD 60	 0.0
	RS 60	 68.23483610153198

Process finished with exit code 0
