===================================================================
N3W4B3R7:       8.434335947036743      boites= 22       sol=[167  66 116 107 156   3  69 172 110  42  91 131  32 197  11 119 100  65
 154 165 112 103  78 189 177 148 196  79 117 136 163  43  33  53 153  72
 125 164  19 182  88   9  29 127  37   5  36 138   1 146  60  40 152 181
 166 144 122 114 191 134  95 104 160  61  52 135  86 101 158 186 106  68
  99 149  59  41 147 120  84  25  10 143  27 174 171 109 180  44  23  76
  56  35  14 159  55 179  62  45 105 190 111 183 194  47 157  80  82  15
  54   2 161  51  24   4  18  93 115  38  20 141  17  85 173  64  46  49
 102 184  74  83 175  26  73  34 142  28 139 188 113 124 170  31  87  92
 132   0 195  75 126  63  57   6 118 199   8 178 121 187 133  70  94  13
 108 140  12 123  81  50   7  97 169 129  39 150  71 137  21  58  98 151
  90  89 155 130  67  77 145 192  48  30 176 162  16  96 198 128 193 168
 185  22]
N3W4B3R8:       8.932397365570068      boites= 24       sol=[ 56  57 110 175  47  42   8  82  80 171  69 122 186 124  31  61  68 166
  90  64  17 144 106  55 190  21 127  94  39 197  77  63  92  35 121 167
 111   6  16  95  70 163  14  58  27  91  45  60 156  43 142 143 189  36
  20  98 129  84  30 101 180 115 158 113 162  19  23 169 145 177  87  59
 182 199  24  86   0   9  65 198 152 130 153 183 138 148 118   7 191 192
 161 147  18 146  96 178  28 168  79 159  89  50  54 105 128 150 109 132
 135 185 123  85  33 172 165   3  72   2  15 126  48  44 170  53   1  34
  10  62 195 137 112 140 119  12  99 134  37 131 120 193  81 187 194 107
  41 104   4  74 141   5  51 102 125  32 154 149 103 179  76 114 174 108
 157 184 176  75  88  13  11  46 196 155 173  38 160  29  49 164  52 100
 151 139  83  97  66  78  26 117 181 136 133  67 188  40 116  22  71  73
  25  93]
N4W4B3R2:       20.215859174728394      boites= 61       sol=[265 140 317  42  25 130 314 328  43 465 302 408 181 331 149 163 397 151
 437 462 330 466 246   0 217   7 435 218 189 232 362 340 184  81 390 448
 494 370 137 451 183 180 107  76 303 230 304 468 100  27  94 355 186 237
 196  86 235 301  91 319 323 167 476 248 499 207 273 282 471  62 324  63
 212  50 199 486 350 280 153  23   3 253 113 381 257 117 118 202 277 307
 103 413 125 484 239 168  92 275 233 318 269 195 144  79 376  61 393   1
 409 164  20 488 114  31 138  48 364  96 154 227 261 249 446 109 349 377
 203 286 461 388 315 479 219  52  64 295 353 348   6 380 135  90 325 309
 308 299 305 336 245 161 158 427 405 110 442 415 134  11 290 410 374 457
 345  32 119 475 452 224  39  93  66  54 440 147  77 445 192  19  72 455
 436 241 428 160  73 142 157 175 174 131  51 116 238  41 179 115 333 256
 320 188  13  60 242  80 313 260 173 363 264 228 141  88  85 298 123 341
 447  97 234 467  71 293 148  10 492  87 404 385  75 491 485 487 126  53
 214 220  78 321 270 399  57 443 396 402 391 292 169  67 490 191   4 170
 495  99 483 213 337 343 287 424 401 159   8 106 215 407 136  95  56 369
 102 243  29 481 222 152 422 434 255 146 254 128 122 430 414 352  38  30
 473  28 386 463 124 165 365  35 342 306 334 143 112 285 162 392 438 389
 453 197 150 420 460 258 294 497  16 267 356 190 354 433 322 274 266 450
  47  69 240 108  40 276 454  36 335 278 379 296  98 477 210  18 432 439
 166 178 338 145 226 206 176 373 423 216 209 172 221 129 489 311 464  59
 360 193 493 205 229 327 101 279 316 361  45 250 289  44  70 411 284 244
 441  24 231 344 251 201 127 456 357 394 359 429 368 326 271 139 133  22
   2 105 395  37 111 198 478 297  12 459 155 182 263 208 421  82 185 291
  26 416 412  34  89 469 259 384 288  74  83 367 272 156 403 398  14 187
  17 300 406 252 339 132 268 223 351 458 346  15 426 470 171 474 482 281
  58 283  68  84 431 480 472 378 358 425 310 225 449  21 177 444  33 372
 121 204 366   9 387 312 418 347 383 236 400 375 496 211  49 247 417 329
 332 194  46 371 382 419 200  65 120 498   5 262 104  55]
N2W3B3R4:       3.4392333030700684      boites= 16       sol=[24 50  2 40 37 57 23 75 44 25 74 93 76 80 71 59 12 68 96  9 13 92 17 97 77
 94 11 32 90 47 36 45 83 14 29 64 84 31 60 79 22 61 18 15 87 52 66 88 41 86
 49 21  3  0 53 56 98 99 46 69 82 51 10  6 48  1  8 26 28  5 33 34 70  4 91
 81 20 43 55 16 65 89 63  7 27 30 67 19 58 62 73 85 95 38 39 78 42 54 35 72]
