===================================================================
N2C1W2_D:       2.023110866546631      boites= 84       sol=[54  4  0 42 85 58 84 16 67 76 49 19 68 92 89 41 61 95 51 30 60 98 65 71 29
 66 78 63  6  5 47 53 97 93 12  3 38 90 86 83 59 13 28 14 55 72 75 91 39 20
 25 35 96 32  1 73  8 79 44 10 94 80 57 81 74 99 46 31 21 70  2 17 62 52 23
 82  9 18 24 36 34 69  7 88 48 43 11 87 50 77 40 15 56 22 37 45 27 64 33 26]
N4C2W4_D:       11.125971555709839      boites= 380       sol=[276 183 492 168 269 352 313 421 341 407 125 208 349 153 381 374  96 129
 275 101 420 220  42 414 104 199 261 291 428 151 479 112 430 303 204  46
 470  78 402  63  17 228 263  75 457 178 476 283 448  13   2 312  67 464
 194 438  83 396  54 132 288 237 340 135 216 166 365  80  50 469 146 179
 370 234 122 205 415 400 133  14 209 238   0 424 176 384  69 336 243 353
 329 142 343  82 355 321  70 477 392 255  89 354  73  53 187 301 443 137
   7  19 333 426 180 147 397 427 447 242 418 267 120 358 356 259 192 266
 327 485 279 310 307 490 202 160  79  65 344 121 390 387  61 460 299 404
 338  58  40 138  15 435 375 124 369 302 406 499 214 280 156 328 247  77
 174 294 373  66 332 286  29 235 252 453 203  62  33 433 449 290 334 233
  28 308 463 411 164  92  91 498  43 257  85 274 231 149 468 297 366 403
 351 451 277 458 281 364  90 363 287 466 113 227  81 393 172 292 300 309
 345 419  88 314 296 109  95   5 388 473 260 139  20 244 262 487 158 399
  59 444 272 434 105 212 385 102 391 482  22 191 442  71 219 215 398 413
 253  57 256 416 429 189 339  38 136 423 331 480 210 305 311  35 439 440
 284 213 197 326 350 431  36  34 167 201  93  11  51 206 496 495  26 389
 145 198  60 298 271 169 472  39 270 454 195  25 170 483 115 111 379 152
 123 478  10 317  86 175 251 337 264 489 410 367 249 196 383 315   1  98
 140 346 493 282 100 119 128 488 184 127 117 182 186 395 320 224 372 171
 335 323  16 359 382 250 380  68  47 462 450 185 134 103 157  12 118 232
 394 207 347   4 165 324 386 246 456  41  56 248  64 229  31   3 221 322
 107 159 241 377 295 441 408 318 465 211 239 143 190 265 110 360 319 459
 131 316  72 273 330 371 417 173 293  18  99  44  94  84 445 177 432  30
 378 222  37 114 486 230  87 181 254 218 144  55 491 225 240 362 154 116
 484 425 342   9  48  23 497 474 436 461   8 437  45 163 162  49   6 223
 289 325 401 236 304 278  52  27 226 368 376 200 130 155 188 245 217  97
 258 193  21 268 357  74 106  32 467 161 361 455 452 150 471 422 108 148
 446 494 348 306  76 412 409 405  24 481 285 141 126 475]
N2C1W2_C:       1.9578495025634766      boites= 82       sol=[14 41 43 94 19  9 67 47 86 81  8 75 10 76 65 66 97 62 46 12 87  1 28 26 89
 13 69 48 68 52 44  5 95 70 84 93  4 29 15 54 59 45 56 64 39 21 83 49 73 24
 11 90 16 88  2 25 71  0 99 30 61 57 85 36 27 78 22 33 40 34 53 77 82  7 50
 42 96 18  6 38 35 20 37 91  3 60 80 98 31 51 79 23 63 17 58 92 32 72 74 55]
N4C1W2_H:       9.73335599899292      boites= 395       sol=[314  27 311 219  79 328 230 309 215 127  16 204 199  62 333 471  56  81
 379 364 387 338 193 245 365 143 334 107  65 350 285 225 183 254 411 287
 383  95 406 153 359 342 206 413 420 355 310 130 366 315  35 169 324 439
 294 489 481 452 336 451 264 150 185 200 138 145 442 486   6 391 429 438
 271  98 239 456   9 236 412 326 140 283 106 385 415 235 370 296 484 434
 414 393 148 305 323 126 372 112  77   0 201 409 246  89 234 113 455 319
 181 266 473 483 214 469 397  74 205 376 322  34 470 141 499 422 255 367
 302 307 487  40  31 477  87 454 485  91 248 157 463 167 270  82 320 436
 374 124 398 211 373 343 449 466 207 335 179 453 475  59 182 223 154   4
  12 361 114 110 426 161 435  60   5 131 159 327 375 289  57 237 133 476
 462 490 101 177  78 257 345  70 139 203  63 191 218 147 306  72  92 431
 316 432 184 369 242  43 241  10  49 491  15 115  22  76  28 389 256 382
 263 276 171 404 437 318  44 448 329 228 392 216 405 308 268 108 288 198
 430 428 416 149 232 132 156 394 357 162   2 243 317 495 134 377 337 251
  73  13 165 152 170 155  46 297 103 403 104 421 210 349 247  86  23  48
 244  47 339 295  38  14 423 261 292 274  66 158 425 195 229 222 224  11
 178  18 291 465 321 238 176 300  88 278 313 441 482  42 122 125 221 447
 168   8 109 286 358 119 468 497 249 151 163 388  54 180 209  71  50 459
 166  69 384 240 194 173 301 102  21  24 269 282 116 227 395 279 226 105
 284 330 304  39 417 298  68  55 233  83 160 340 120 419 368  85 427 402
  30 117 252 258  96 259 458 351 174  37  17  51 400 272 362 118 128 479
 197 472 220 460 354  53 190  45 492  36 433  52 111  97 164 135  93  29
 277 381  99  19 371  64 440 192 213 353 281 208  58 407 488 144 136 212
 445 464 146 186 217 444 137 424  25  90 202 260 386 443 265  61   3   1
 250 494 478 188  80 196  84 408 378  67 293 348 331 123 480  41 450 121
 275 347 303  94 457 401 129 390  32 189 262 396 410 273 493 446 474 100
 344 341  26 380 399 299  20 231 280 187 172 253   7 312 267 332 496  33
 142 363 325 175 467 461 498 360 346 352 290  75 356 418]
