===================================================================
===================================================================
===================================================================
HARD2:       6.702369213104248      boites= 63       sol=[104 164 107 159  18  53  79  15 173  27  50  98  61  68  28  66 111  49
  75  60  76  80  97  74 135  31  17 172  99 121 153 193  82  77  44 161
 167 142  56 109  92 191  95 106 190 128 163   9 100  72  85  16 113  71
 160  69 123  26  91  65 178 181 184 122 156 118  21 101 157  24 103  55
  37  14  34  70  57  96 197  52  63 175 120  87  90   8 180  81 117 141
 151 166  32 108  12  58  36 110 130  83 189 147 183  88 171 131  38 186
 158 114 192 176  93  22  59   2   6 196 170  54 198 116  11  30 150  51
 139 132   1 146 137   3 126 140 148 188  89 165 133  23   5 162 177 182
 102 152 134 155  29 136  48  35 174 144  39   4 105  45  13 125 119  62
  46 145  41   0  47  20  19  10 195  86 115  25 154 112  73   7  40  78
 138 199 143  67  43  42 124 194 149  94 185 187 168 129 169  33  64 179
  84 127]
HARD6:       6.580873966217041      boites= 64       sol=[ 32  26  22  56 138 194 103 168 111  18 123  39 132 150 148 176  87 157
 199   6 128 106  58  88  75  48  37  44  33  91 126  12  69 120 162 190
  64 181  54 160  67 171 152  38  98 116 175  13  20  31   1   0  76 180
  27  51 145 142  10 110  47 102 178 184 140  68 169 156 101 136  16  63
  80  40   9  57  65  77  17 119 147 182 124   3 186  93  11 196 144  35
  55 127 174   5 154 113  86  41  72 183  97  60 155 114 104  84  53   7
  79 158 122 198  29  82   8 151 170 143  71  96 166 177 115  81 121  94
  99 117 118  59  61  28  66 135 193 164 161  34 163 187 139  92  24 195
 134  52  62 112  25  95 188  36  21  43  14 109  85 100  73 172 167 107
 137 185 197 191 141 173 159 131 130 146 149 192 153  46   4  90 133  42
 108 189  78  70  23  49  50 165 129  74  89  83 125   2 105  30  19  45
 179  15]
HARD3:       7.23689341545105      boites= 64       sol=[ 50  90 108 179  52   1  16 116 159 161  11  12  94 144 199 125 193 183
 106 147 104 182  93 185  84 192 142  66  44 113 109 195 102  95 135 123
  63  71  41 197  55  35   6 168 177 107  96  78  85 120 160 152 196  39
  37 163  49  43  80 103  74 148  62  75  81   8  36  28 187 112 154 105
  54  23 167  53 156   3 122  97 134  60 155  38 184  92  18 140  22 194
 132 189 169  86 186  70   2 188  48  21  27 110 178 151  65 158  24 127
  30  88 175 170  67   7  15 126 181 124 191   5 117  42 146 153  87 118
  69 100  73  64 119 129 173  99 130 176 165  61  46  14  33  98  79  91
   9  26  34  47 133  57  82  10  56  29  17 164 111 101 137 172 190 114
  31 138  13 131  20  83 150 141  51 128 149  45  19 145  32 180  72  58
 166 198 174  89 171 162   4 157   0 121  76 139  25  68  40 115  77  59
 136 143]
HARD8:       6.6639862060546875      boites= 64       sol=[145  40 125  64 185 136 133 181 134 190  24  60  66 172 108  82 102  19
 151 147  36   8  65  58 176 174 116  98 163  81  63  26  15  88  74 160
  46 124  92  90  18 113 128   3 103 165 127  22 135 101  54  91   2 123
 152 105  99 166  52 111 137 109 191 171 186 129  95  47 138 184  85 118
  48  49  25  37  61 173   5   0 149 157  57   9  75 170 153  96  80 162
  34  59  72 100 179 156  42  62 192 130  39 155 106 117 183 150 142 180
 178  97 119  44  83  38  69  53 169  50  56 140  77 175   1  94 177 104
 189 159 164 187 195 161 154 198  14  70  13 188  23  35 110 112 148 126
  10  21  67   7  32 107  78  41 122 143   6  84  51 196 193 121 141 158
  93  31  73 167 146  28  76  89 114  45  33 139  17  12  71   4 197  86
 144  43  87 115  29  11  30 168 182  27  16 131 199 120 132  55  68  20
 194  79]
HARD1:       6.3758769035339355      boites= 64       sol=[ 14  46  95 195  87  86  20  78 194 154 141  70  50   7  60  69   1  15
 179 132  51 180  11 139 162 111 177 127 184 187  73 121 182  90 137 175
  12 124 142  62 119  67 128  55 103   8   4 131  28 183  79  16  94 145
  59  93  52  84 153  76  19 156 109  29  58  61  36   3  82 117 113 105
  33 161  89 152 157 114  31 159  85  21 150 176 165 136  42  53 125 126
 173  98 155 118 158 185  26  57 178 120 122  48 130  34  45   6 160  88
   9 163 190 167 134 140  13 192  81  80 169 171  41 100  68 129  56 196
 164  83 174 106 133 143 168 138   0  49  10 188  75  25 199  44  63  40
 191 101  32  64 170 104  23 189 116   2  54  37  47  91  66  38 181  22
   5  96  43  27 172 166  72 108 135 149 148  18 198 144 112 107 110  92
  24  17  35  97  77  74  39 123  99 197 115 102 193 151  65 186  71 147
 146  30]
===================================================================
HARD2:       7.139838933944702      boites= 64       sol=[132 130  43  31  16  93  85 128  19   8 141 174 197  76 151 195  94  96
  97 111  15  56  46   9 154 133 144   2 143 153 131 170 164 182  83   6
  18  22 177  40 188 149  66 167   4 142 166   7  29  77  98  95  11 114
 115 102   5  82 140  71  99 162  88 137  65 193 138  17 186  44  13  20
 176  91 127 183 171 199  68 163 196  42  70  64 105  55  23 155 125  37
 198  32  67 145 172  24 129 150   0  58  12 156  86 122  73  34 120  41
  21 116  38  33 169  57 107 124  74 113  80 139  47  78  28 106 117  48
  89   3 165 118 152 146 187 110 185 112 136 184  60 158  35 173  49 180
  27  90  63 104 161 157  53  72 121   1  52  39 100  75  25  36 178 134
  30  10 192  45  81  51 147 119 181 189 194  59 175  62 103 108 109  54
 190 123 135 179 168  92  69 159  50 191 148  14  79  84 101 126  87  61
  26 160]
HARD6:       7.136431932449341      boites= 64       sol=[  9 136  10 151  88 115   6 148 187  54  18 183  76  82 190 168 108  42
  65 138  12 114 103   7   1  98  96 125 178  27 100  57 135 158  24  56
 153 162  23  68  84  77  19  32 160  72 177 191 127  30  46  21  64  49
 121 144 101 175  61 180 107 111  39  80 129 152  69 181  59 166 128  85
 184 174 122 188  74 172  16 104  95 142   2  35 106  40 133  14 185 147
  47 126 105  81 169 102 164  31  45 146  73 157 198 192 165 117 149 170
 130  51  37  11 110 131 159  71 143 186  78 154 120 167  55  36 112  50
  83  25  79 196 161 123 173 145 189  92  29  97   8  66  33  75 119  99
  53 109 195 139  15 132  22  91  70 197 150 124  93 182 163  63  17   0
 155  62 194 199 156 134  89 171  43  60 116  90  86  28  20  48   4 179
  26 137 140  94   5  41  58  13   3  34 176 113 141  67 193  52  38 118
  44  87]
HARD3:       7.175255060195923      boites= 64       sol=[  9 124  11  53  41  62  78 102  89  54 183 146  80 192  58 199  32 149
  67  17  28 126 161 181 111  12  31 131 147 151 128  79 164 168 180  76
  10  57 121  81 116  98 154  84 140  56  14 110  52 170   2  51   4 155
 138   5  37 167  60  48 125  25 158 186  77  91 107  43  15  90 117  36
 189  85 132  33 152 196 160  49 134  68 113  45 137 145 177  96  21  95
  27  35  44 165 174  88 136 109 179 150  19 191 175  86   7 133 143 162
 112  93 106  63  83 198  73  92 190 171  59 176  66   3 197 144  22 172
  71   0  70  18  72 194 120 101 159  30 187 188  97 119 141 115  94  38
 104  47 153  42 123 182 193  13  69  50  34  82 122 129 163 166  74  40
 156  16   6 157  20 127 173 108 100  23  29  26 195 105  55 114 185 130
 169  61 184 139  99 148 135 178  39 142  87 118 103  46   1  64  65  75
   8  24]
HARD8:       7.303471565246582      boites= 64       sol=[  9  21 103  60  26 127  63  15  19  65  27 173  81 150 100 123  32 179
  58 176  99 118 109 141 167  51 143 194  33  36  50  20  95  97  44  13
  18  38 190  73  47  46  10  12  42  92  48  22 157  17 196 191 169 142
 158 182  34 170  89 174  43   0  77  16   6 121  90 117  87   5   8 126
   7 113 122  52 177  23 147  40  29 153  49  57 101  35 178 164  96 184
 175 162 171  69 156 166  74  37  93  31  85 110 105  67 125  11 130 120
 140 160 195  59 108 161  86 154  76 197 159 145 119  56 187 155 115  88
 183  79  28  39 199 107  80 106   4  66 152 149 135   1  41  70  98 193
 128 146 185 181 104 137  30  54 168  71  55 165 129 136  45  72  91  14
 163  53 111 186 144 124 139 198  83 132 189 116 131  78 180   2  24   3
 114 133  82  61  84 188  75 151 192 134 102 138  64 148  62 172  68 112
  25  94]
HARD1:       6.8939173221588135      boites= 63       sol=[ 32  89  82  74 121  84  30 127  39 124 173 152 172  46  55 108 190 168
  42 188  49  48  86  72  73   3  37 162 106  20  96  14 189  69 179 191
 131 128  18 100 147 174  90  79 181 133 182 139 149  76 141  87  15  33
 178  29  25 163  35 158 148 177 126 164  52   2 154  53  93  63   7 103
  31  78 156 167  51 117   9  41  56  43 101 105 107 198   5 171  60 112
  40 113  57 143  98  38  75 187  66 130 193 169   1   6  24 165 135  77
 116 157  58  68 118  83  34  99  71 186  92  59  19  94  28 138 119 120
 142  47   0 146  67 161 195  26  61  22 196  23 123 175 197 111 122 140
 183 145  88  80  16  81  62  11  70 136 115 134 176  97  44 184 199  50
  85  12  27 150  13  45 180  64 129  10  36 104 151 109 159  54   8  17
  95 155  21   4 170 192 114 144 110  65  91 160 194 102 185 132 137 125
 166 153]
HARD7:       7.008520126342773      boites= 63       sol=[127  39  70  55 152 137  84 174  19  72  20 134 175 180  32  76 100 198
 146   8 133  65 197 150 126 166 157 190 163  46 147  11  78 148 107  62
  54 185 159  35  53  88 182  12 156 193 118  52 105  43  58  40 117  86
  69 125  22  34  68 195 186  27 167 165  98  71  17  47  89 177  16  82
  60  10  21 106 181 135  41  51   9  85  80  33  61  36  13 168  73 109
 115 151  50   3   0  31  29  15 169 178   4 173 171  81  63 160 192 164
 194 161 172 108 110 191  77  99 154 187   5  23 132  28 143 104 189  87
  49   7 170 199 101 142   6 120 116 149 138 139  93  95  18  83  90 176
 102 188  79 141 124 130 128 136 123  56  97 113 196 183 184  94 122   1
 114  59 162  92  37  91  48  74 140 103 144  67  45 158 145 119 112 121
  57  44  25   2  42  66  96 155  38 179 153 111  30  26  24 131 129  64
  14  75]
HARD9:       7.964828252792358      boites= 64       sol=[124  25 109 103 140  89 168 125 199 107 152 101  66 118  57 120  95 110
 156  38 108   6  10 175  96   5 151  74 119 115 141  75 166  94  26  16
 148 174  61  45 126  98  99 159 167 139 138  47  49  55 153 154 171  63
  21  40 163 113 169  72  39  53 161  65 155 160  68 196   7  85  33 123
  86  20  41  32 182  29  64 191   4   0  71   1  80 100  54   8 192  73
  79 181 134  52  92  84  87  35 102  56  42  36 157   2  59  82  31 104
 111 173 170 132 137  15  37 143  28 190  77 158  93  12   9  88  18 131
  46 121  27  14 147  81  30  22  67 129  90  24  50 149 185 179 178 187
 184 172 198 122 136 135 180 162 144 176 164 188 105  51 183   3  69 128
 116  76  70  13 186 127  58  78 194  23  43 114 165  62  11 106 177  19
 195 142 130  48 117  17  97 150  91  44 146 145  60 133 197 193  34  83
 189 112]
HARD4:       6.642486572265625      boites= 64       sol=[  2  66  24  86  27 198 159  94  97  90  52   1 114 163 118 167 146 119
 172 166 171  74 104 101 199  95  14  56  87  68 120 162 140 164  89  96
  20  98  43 113 183  18   6  34  67  45  63 176 139 197 102  64 154  49
 186 165 156  35 107 100  33  17  72 149 175 122 184  55 155  50  91   3
 181  77  53 152  36 147 185 138  93 195 136 180 173 111  76  41   5  59
   8 128  38  62 108 158  71 109 130  60 103  80 143 178 126 193 131  82
 174 188  84 161 151  99 150  69  40 148 179  61 132 124  79  11  21 121
  30  25 157 191  65  57  13 134  22 169  44  75 141 170 168 190  78   7
 182   0  51  47 105  15   9  54 153  28 160 133  42  88 145  37  10  81
 144 192  29 189   4  39  19  26 117 112  85 127  48 135 110 123  31 196
 177  83 125 142 194  12 106  70  32 115  16  23  73  58  92 187  46 116
 129 137]
HARD5:       7.098067283630371      boites= 64       sol=[163  84 165  81   5 124 177 139 174 131 147 132  96  54 125   2  14   0
 149  16  64  62  78 168  68 123 108  80  39  51  34 129 182 105  95 109
 116   4 178  52 167 191 151 192  49   6  90   7 121  66  47  30 152 142
 144  70  76 175  63  24 141  86 185  74 106 157  82 195 150 180  91  38
  36 160  33  55 187 112 199 117 119 194 118 137  40  98 101  37 181 100
  21 170  65  59 189   8 196  79  35  19  45 184  42  22 156 166  18 179
  87 164 162 104 171 114  57 135  58 176 190 154 153 127 122  44  46  73
 188  25  48  75  69 138  43  94 134  15  89  72 161  12  77  20 102  50
  13  61  85  28 110  11 143  92   9 198  99 115  53  32 111 120  10  41
 146   1  83 103 113 130  93  88 193  56  29  26 107 140 169 197  67  71
   3 133 172  17  60 159 126  97  27  31 136 158 148 128 155 145  23 173
 183 186]
HARD0:       7.550649404525757      boites= 63       sol=[114 169 124 118  60 106  17 128 149 140 120  75  47  54 190  45 147 102
  63   8 105  27 126  61 108  32  20  40  19  65  96 162 171  33 159 129
  44  80 141  68  25  94 113  12 130 180  49 109 175  31  42  84 136  21
  24   6 103 144 164 160 170  50 119  15 133 187 186  78  41 165  72 153
  97  93 139 151 188 110   0 135  90  11 182 122 132 176  79 173  73  52
   2 161  57 101 157 196 107  64 117  91 116 163  74 104  67 143  13  26
 183  95 193 121 145  71 115 134  86 152 191 198  77  76  23  36   9  62
   1  16  14 127  83 197  56   4  82  34  29 100 199  35 179 194 125 142
  22 195 155 181  85 168 184 154 172 185 146  18   5  98 138  39 112  87
 111  10   7  69  58 123 131  70 148  81 156 158 177  46  59   3  48  30
  55  43  38  53 167 166  99 178 174 192  66  51  89  88 137 150 189  92
  37  28]
